000000 22600030
000001 22670005
000002 22670029
000003 22680002
000004 22680014
000005 22680034
000006 22680054
000007 22690052
000008 22690058
000009 22690066
000010 22690096
000011 22690119
000012 22700041
000013 22700081
000014 22700102
000015 22710008
000016 22710020
000017 22710048
000018 22710078
000019 22870008
000020 22870021
000021 22870027
000022 22880014
000023 22880025
000024 22880036
000025 22880047
000026 22880060
000027 22880082
000028 22890008
000029 22890019
000030 22890030
000031 22890041
000032 22890052
000033 22890063
000034 22890074
000035 22890094
000036 22900008
000037 22900013
000038 22900023
000039 22900052
000040 22900072
000041 22910014
000042 22910025
000043 22910047
000044 22920008
000045 22920019
000046 22920030
000047 22920041
000048 22920052
000049 22920063
000050 22920082
000051 22930008
000052 22930019
000053 22930030
000054 22930042
000055 22930053
000056 22930073
000057 22940008
000058 22940024
000059 22940044
000060 22950023
000061 22960020
000062 22970012
000063 22970042
000064 23150011
000065 23150026
000066 23150037
000067 23150048
000068 23150059
000069 23150077
000070 23150079
000071 23160008
000072 23160021
000073 23160032
000074 23160045
000075 23160056
000076 23160078
000077 23170031
000078 23190008
000079 23190022
000080 23190033
000081 23190053
000082 23200006
000083 23200008
000084 23200019
000085 23200033
000086 23210032
000087 23500008
000088 23500019
000089 23510012
000090 23510024
000091 23510035
000092 23510044
000093 23510055
000094 23510075
000095 23520009
000096 23520020
000097 23520031
000098 23520042
000099 23520055
000100 23520066
000101 23520077
000102 23520097
000103 23530009
000104 23530020
000105 23530031
000106 23530042
000107 23530053
000108 23530064
000109 23530075
000110 23530096
000111 23540009
000112 23540020
000113 23540031
000114 23540042
000115 23540053
000116 23540065
000117 23540077
000118 23540099
000119 23550010
000120 23550022
000121 23550041
000122 23550052
000123 23550078
000124 23560013
000125 23560024
000126 23560062
000127 23570020
000128 23580048
000129 23590023
000130 23760007
000131 23760034
000132 23760052
000133 23770036
000134 23780012
000135 23780053
000136 23790012
000137 23790026
000138 23790037
000139 23790048
000140 23790072
000141 23800009
000142 23800020
000143 23800031
000144 23800042
000145 23800053
000146 23800064
000147 23800075
000148 23800095
000149 23810007
000150 23810009
000151 23810025
000152 23810038
000153 23810045
000154 23820011
000155 23820022
000156 23820033
000157 23820047
000158 23820058
000159 23820065
000160 23820074
000161 23820092
000162 23830009
000163 23830026
000164 23830037
000165 23830048
000166 23830059
000167 23830071
000168 23830078
000169 23830089
000170 23830107
000171 23840012
000172 23840024
000173 23840035
000174 23840047
000175 23840059
000176 23840070
000177 23840088
000178 23850009
000179 23850033
000180 23860011
000181 23860020
000182 23860031
000183 23860042
000184 23860053
000185 23860062
000186 23860071
000187 23860078
000188 23860106
000189 23870007
000190 23870009
000191 23870018
000192 23870027
000193 23870036
000194 23870045
000195 23870054
000196 23870065
000197 23870074
000198 23870095
000199 23880039
000200 24060007
000201 24060009
000202 24060016
000203 24070007
000204 24070033
000205 24080009
000206 24080020
000207 24080031
000208 24080042
000209 24080051
000210 24080060
000211 24080085
000212 24090012
000213 24090023
000214 24090034
000215 24090043
000216 24090054
000217 24090080
000218 24100012
000219 24100025
000220 24100036
000221 24100047
000222 24100058
000223 24100067
000224 24100082
000225 24100089
000226 24100107
000227 24110009
000228 24110022
000229 24110033
000230 24110044
000231 24110053
000232 24110066
000233 24110085
000234 24110106
000235 24120013
000236 24120024
000237 24120035
000238 24120042
000239 24120049
000240 24120060
000241 24120068
000242 24120092
000243 24130011
000244 24130033
000245 24140037
000246 24170019
000247 24620007
000248 24620015
000249 24620022
000250 24620041
000251 24630007
000252 24630009
000253 24630020
000254 24630031
000255 24630038
000256 24630048
000257 24630059
000258 24640009
000259 24640023
000260 24640034
000261 24640047
000262 24640054
000263 24640061
000264 24640085
000265 24650009
000266 24650020
000267 24650031
000268 24650038
000269 24650045
000270 24650052
000271 24650059
000272 24650076
000273 24660009
000274 24660020
000275 24660029
000276 24660038
000277 24660045
000278 24660052
000279 24660059
000280 24660070
000281 24660086
000282 24670009
000283 24670020
000284 24670031
000285 24670044
000286 24670055
000287 24670062
000288 24670067
000289 24670085
000290 24680009
000291 24680016
000292 24680027
000293 24680034
000294 24680041
000295 24680048
000296 24680059
000297 24680079
000298 24690009
000299 24690014
000300 24690025
000301 24690036
000302 24690048
000303 24690055
000304 24690062
000305 24690078
000306 24700012
000307 24700021
000308 24700034
000309 24700045
000310 24700056
000311 24700063
000312 24700074
000313 24700090
000314 24710009
000315 24710021
000316 24710033
000317 24710044
000318 24710055
000319 24710060
000320 24710069
000321 24710080
000322 24710094
000323 24900007
000324 24900010
000325 24900019
000326 24900028
000327 24900035
000328 24900042
000329 24900048
000330 24900072
000331 24910009
000332 24910016
000333 24910023
000334 24910030
000335 24910037
000336 24910044
000337 24910055
000338 24910071
000339 24920009
000340 24920018
000341 24920025
000342 24920034
000343 24920043
000344 24920048
000345 24920068
000346 24930009
000347 24930016
000348 24930027
000349 24930032
000350 24930041
000351 24930046
000352 24930051
000353 24930062
000354 24930078
000355 24940021
000356 24940028
000357 24940035
000358 24940040
000359 24940047
000360 24940054
000361 24940076
000362 24950009
000363 24950017
000364 24950023
000365 24950030
000366 24950035
000367 24950041
000368 24950053
000369 24950071
000370 24960010
000371 24960021
000372 24960028
000373 24960035
000374 24960042
000375 24960049
000376 24960069
000377 24970009
000378 24970016
000379 24970027
000380 24970034
000381 24970056
000382 24980009
000383 24980024
000384 24980035
000385 24980042
000386 24980064
000387 24990011
000388 24990025
000389 24990032
000390 24990037
000391 24990044
000392 24990051
000393 24990067
000394 25000009
000395 25000021
000396 25000032
000397 25000042
000398 25000049
000399 25000069
000400 25010007
000401 25010009
000402 25010020
000403 25010025
000404 25010036
000405 25010045
000406 25010053
000407 25010071
000408 25270008
000409 25270010
000410 25270020
000411 25270033
000412 25270055
000413 25280012
000414 25280019
000415 25280030
000416 25280037
000417 25280053
000418 25290015
000419 25290022
000420 25290029
000421 25290040
000422 25290060
000423 25300016
000424 25300021
000425 25300028
000426 25300033
000427 25300040
000428 25300045
000429 25300056
000430 25300074
000431 25310007
000432 25310012
000433 25310019
000434 25310026
000435 25310031
000436 25310036
000437 25320016
000438 25320024
000439 25320031
000440 25320036
000441 25320043
000442 25320054
000443 25320074
000444 25330009
000445 25330020
000446 25330031
000447 25330038
000448 25330045
000449 25330056
000450 25330074
000451 25340009
000452 25340014
000453 25340019
000454 25340026
000455 25340033
000456 25340040
000457 25340060
000458 25520007
000459 25520012
000460 25520018
000461 25520028
000462 25520033
000463 25520040
000464 25520051
000465 25520071
000466 25530009
000467 25530014
000468 25530021
000469 25530028
000470 25530043
000471 25530056
000472 25530074
000473 25540016
000474 25540024
000475 25540029
000476 25540036
000477 25540049
000478 25540065
000479 25550009
000480 25550020
000481 25550031
000482 25550042
000483 25550053
000484 25550064
000485 25550084
000486 25560013
000487 25560026
000488 25560035
000489 25560044
000490 25560053
000491 25560062
000492 25560082
000493 25570009
000494 25570016
000495 25570023
000496 25570030
000497 25570037
000498 25570050
000499 25570068
000500 25580009
000501 25580020
000502 25580031
000503 25580042
000504 25580055
000505 25580081
000506 25590010
000507 25590021
000508 25590028
000509 25590035
000510 25590046
000511 25590066
000512 25600012
000513 25600018
000514 25600025
000515 25600032
000516 25600043
000517 25600052
000518 25600070
000519 25610009
000520 25610026
000521 25610041
000522 25610048
000523 25610072
000524 25620010
000525 25620025
000526 25620036
000527 25620053
000528 25620073
000529 25830008
000530 25830010
000531 25830017
000532 25830030
000533 25830045
000534 25830056
000535 25830070
000536 25840009
000537 25840018
000538 25840025
000539 25840034
000540 25840049
000541 25840072
000542 25850007
000543 25850009
000544 25850022
000545 25850033
000546 25850044
000547 25850055
000548 25850068
000549 25860007
000550 25860009
000551 25860014
000552 25860025
000553 25860036
000554 25860047
000555 25860060
000556 25870009
000557 25870016
000558 25870027
000559 25870038
000560 25870049
000561 25870060
000562 25870067
000563 25870083
000564 25880009
000565 25880016
000566 25880025
000567 25880034
000568 25880043
000569 25880052
000570 25880063
000571 25880085
000572 25890012
000573 25890017
000574 25890024
000575 25890035
000576 25890046
000577 25890055
000578 25890064
000579 25890078
000580 25900011
000581 25900016
000582 25900021
000583 25900032
000584 25900043
000585 25900056
000586 25900069
000587 25900087
000588 25910010
000589 25910015
000590 25910022
000591 25910033
000592 25910044
000593 25910053
000594 25910064
000595 25910084
000596 25920009
000597 25920014
000598 25920021
000599 25920033
000600 25920044
000601 25920055
000602 25920069
000603 25920085
000604 25930007
000605 25930013
000606 25930019
000607 25930024
000608 25930035
000609 25930046
000610 25930054
000611 25930072
000612 26130007
000613 26140009
000614 26140014
000615 26140023
000616 26140034
000617 26140045
000618 26140056
000619 26140067
000620 26140087
000621 26150009
000622 26150020
000623 26150031
000624 26150044
000625 26150051
000626 26150063
000627 26150070
000628 26150090
000629 26160009
000630 26160023
000631 26160028
000632 26160039
000633 26160050
000634 26160063
000635 26160068
000636 26160079
000637 26160095
000638 26170009
000639 26170018
000640 26170029
000641 26170040
000642 26170053
000643 26170066
000644 26170088
000645 26180009
000646 26180020
000647 26180029
000648 26180040
000649 26180051
000650 26180064
000651 26180071
000652 26180082
000653 26180098
000654 26190009
000655 26190020
000656 26190031
000657 26190042
000658 26190047
000659 26190058
000660 26190069
000661 26190082
000662 26190098
000663 26200015
000664 26200020
000665 26200029
000666 26200040
000667 26200051
000668 26200062
000669 26200071
000670 26200078
000671 26200098
000672 26210009
000673 26210018
000674 26210029
000675 26210036
000676 26210045
000677 26210056
000678 26210069
000679 26210080
000680 26210096
000681 26220007
000682 26220009
000683 26230010
000684 26230017
000685 26230024
000686 26230033
000687 26230042
000688 26230055
000689 26230062
000690 26230073
000691 26230093
000692 26440010
000693 26440012
000694 26440017
000695 26440025
000696 26440032
000697 26440041
000698 26440050
000699 26440062
000700 26440073
000701 26440093
000702 26450010
000703 26450019
000704 26450024
000705 26450031
000706 26450042
000707 26450053
000708 26450066
000709 26450077
000710 26450097
000711 26460009
000712 26460016
000713 26460025
000714 26460034
000715 26460045
000716 26460056
000717 26460069
000718 26460078
000719 26460100
000720 26470007
000721 26470009
000722 26470019
000723 26470026
000724 26470037
000725 26470042
000726 26470047
000727 26470058
000728 26480009
000729 26480022
000730 26480029
000731 26480040
000732 26480051
000733 26480062
000734 26480073
000735 26480084
000736 26480104
000737 26490010
000738 26490023
000739 26490036
000740 26490041
000741 26490054
000742 26490059
000743 26490072
000744 26490083
000745 26490103
000746 26500010
000747 26500017
000748 26500024
000749 26500035
000750 26500044
000751 26500053
000752 26500064
000753 26500075
000754 26500097
000755 26510009
000756 26510020
000757 26510029
000758 26510040
000759 26510051
000760 26510062
000761 26510072
000762 26510081
000763 26510101
000764 26520011
000765 26520018
000766 26520027
000767 26520038
000768 26520049
000769 26520060
000770 26520073
000771 26520086
000772 26520104
000773 26530009
000774 26530016
000775 26530023
000776 26530030
000777 26530041
000778 26530064
000779 26720007
000780 26720019
000781 26730009
000782 26730017
000783 26730024
000784 26730036
000785 26730047
000786 26730057
000787 26730066
000788 26730090
000789 26740009
000790 26740016
000791 26740027
000792 26740036
000793 26740045
000794 26740057
000795 26740068
000796 26740079
000797 26740088
000798 26740103
000799 26750011
000800 26750032
000801 26760009
000802 26760020
000803 26760027
000804 26760038
000805 26760050
000806 26760061
000807 26760072
000808 26760083
000809 26760097
000810 26770027
000811 26780018
000812 26780031
000813 26780050
000814 26790009
000815 26790020
000816 26790031
000817 26790044
000818 26790057
000819 26790068
000820 26790079
000821 26790090
000822 26790106
000823 26800009
000824 26800020
000825 26800031
000826 26800040
000827 26800051
000828 26800062
000829 26800073
000830 26800093
000831 26810016
000832 26810025
000833 26810030
000834 26810041
000835 26810048
000836 26810059
000837 26810070
000838 26810081
000839 26810099
000840 26990009
000841 26990015
000842 26990026
000843 26990037
000844 26990044
000845 26990051
000846 26990058
000847 26990065
000848 26990070
000849 26990085
000850 27000009
000851 27000014
000852 27000019
000853 27000032
000854 27000039
000855 27000046
000856 27000053
000857 27000060
000858 27000065
000859 27000079
000860 27010009
000861 27010020
000862 27010029
000863 27010038
000864 27010043
000865 27010050
000866 27010057
000867 27010064
000868 27010071
000869 27010085
000870 27020009
000871 27020020
000872 27020027
000873 27020034
000874 27020039
000875 27020044
000876 27020051
000877 27020058
000878 27020065
000879 27020081
000880 27030009
000881 27030020
000882 27030025
000883 27030036
000884 27030047
000885 27030058
000886 27030069
000887 27030078
000888 27030089
000889 27030103
000890 27040009
000891 27040016
000892 27040023
000893 27040034
000894 27040055
000895 27050018
000896 27060024
000897 27070027
000898 27080009
000899 27080017
000900 27080028
000901 27080033
000902 27080047
000903 27080061
000904 27090009
000905 27090016
000906 27090027
000907 27090034
000908 27090045
000909 27090056
000910 27090067
000911 27090081
000912 27100007
000913 27100009
000914 27100016
000915 27100027
000916 27100034
000917 27100045
000918 27100056
000919 27100065
000920 27100074
000921 27100085
000922 27100099
000923 27110009
000924 27110016
000925 27110027
000926 27110034
000927 27110039
000928 27110048
000929 27110059
000930 27110084
000931 27120007
000932 27120009
000933 27120016
000934 27120027
000935 27120034
000936 27120045
000937 27120056
000938 27120067
000939 27120080
000940 27130009
000941 27130016
000942 27130027
000943 27130034
000944 27130045
000945 27130054
000946 27130065
000947 27130076
000948 27130092
000949 27280008
000950 27280010
000951 27280017
000952 27280031
000953 27280042
000954 27280055
000955 27280066
000956 27280077
000957 27280097
000958 27290009
000959 27290016
000960 27290027
000961 27290038
000962 27290043
000963 27290050
000964 27290061
000965 27290072
000966 27290081
000967 27290099
000968 27300009
000969 27300016
000970 27300021
000971 27300026
000972 27300033
000973 27300040
000974 27300047
000975 27300054
000976 27300070
000977 27300086
000978 27310009
000979 27310017
000980 27310024
000981 27310031
000982 27310042
000983 27310058
000984 27320010
000985 27320022
000986 27320029
000987 27320040
000988 27320052
000989 27320063
000990 27320074
000991 27320085
000992 27320101
000993 27330027
000994 27330038
000995 27330045
000996 27330056
000997 27330067
000998 27330078
000999 27330085
001000 27330105
001001 27340009
001002 27340016
001003 27340023
001004 27340030
001005 27340042
001006 27340055
001007 27340068
001008 27340077
001009 27340096
001010 27350009
001011 27350016
001012 27350021
001013 27350030
001014 27350041
001015 27350052
001016 27350063
001017 27350074
001018 27350079
001019 27350086
001020 27350104
001021 27360009
001022 27360022
001023 27360027
001024 27360032
001025 27360037
001026 27360042
001027 27360047
001028 27360061
001029 27360077
001030 27360084
001031 27360102
001032 27370009
001033 27370016
001034 27370029
001035 27370034
001036 27370045
001037 27370052
001038 27370074
001039 27380007
001040 27390007
001041 27400007
001042 27410007
001043 27420007
001044 27570008
001045 27570019
001046 27580009
001047 27580016
001048 27580021
001049 27580049
001050 27590009
001051 27590020
001052 27590027
001053 27590034
001054 27590045
001055 27590064
001056 27600007
001057 27600019
001058 27600032
001059 27600043
001060 27600054
001061 27600061
001062 27600068
001063 27610009
001064 27610020
001065 27610031
001066 27610042
001067 27610054
001068 27610065
001069 27610070
001070 27610089
001071 27620009
001072 27620020
001073 27620031
001074 27620042
001075 27620049
001076 27620058
001077 27620071
001078 27620080
001079 27620087
001080 27620101
001081 27630013
001082 27630034
001083 27630057
001084 27640007
001085 27660009
001086 27660020
001087 27660031
001088 27660042
001089 27660053
001090 27660064
001091 27660075
001092 27660084
001093 27660104
001094 27670009
001095 27670020
001096 27670031
001097 27670044
001098 27670055
001099 27670066
001100 27670077
001101 27670084
001102 27670104
001103 27680007
001104 27680009
001105 27680020
001106 27680031
001107 27680042
001108 27680062
001109 27690012
001110 27690017
001111 27690030
001112 27690039
001113 27690052
001114 27690063
001115 27690089
001116 27860009
001117 27860016
001118 27860023
001119 27860030
001120 27860038
001121 27860049
001122 27860073
001123 27870009
001124 27870016
001125 27870024
001126 27870031
001127 27870042
001128 27870053
001129 27870060
001130 27870082
001131 27880009
001132 27880017
001133 27880028
001134 27880037
001135 27880044
001136 27880057
001137 27880062
001138 27880075
001139 27880097
001140 27890009
001141 27890020
001142 27890032
001143 27890043
001144 27890050
001145 27890057
001146 27890075
001147 27900009
001148 27900020
001149 27900031
001150 27900042
001151 27900049
001152 27900056
001153 27900078
001154 27910009
001155 27910020
001156 27910031
001157 27910044
001158 27910057
001159 27910067
001160 27910074
001161 27910088
001162 27920009
001163 27920016
001164 27920023
001165 27920028
001166 27920035
001167 27920043
001168 27920049
001169 27920063
001170 27930012
001171 27930019
001172 27930030
001173 27930041
001174 27930048
001175 27930055
001176 27930062
001177 27930069
001178 27930087
001179 27940010
001180 27940015
001181 27940026
001182 27940039
001183 27940049
001184 27940058
001185 27940065
001186 27940072
001187 27940088
001188 27950009
001189 27950020
001190 27950031
001191 27950043
001192 27950054
001193 27950061
001194 27950072
001195 27950078
001196 27950094
001197 27960010
001198 27960017
001199 27960028
001200 27960039
001201 27960046
001202 27960053
001203 27960060
001204 27960067
001205 27960083
001206 28190007
001207 28190015
001208 28190022
001209 28190036
001210 28190043
001211 28190055
001212 28190057
001213 28200009
001214 28200016
001215 28200025
001216 28200034
001217 28200041
001218 28200048
001219 28200055
001220 28200071
001221 28210009
001222 28210022
001223 28210033
001224 28210040
001225 28210051
001226 28210058
001227 28210065
001228 28210083
001229 28220010
001230 28220017
001231 28220032
001232 28220039
001233 28220045
001234 28220052
001235 28220061
001236 28220079
001237 28230025
001238 28230036
001239 28230045
001240 28230056
001241 28230063
001242 28230076
001243 28230083
001244 28230088
001245 28230102
001246 28240018
001247 28240027
001248 28240041
001249 28240046
001250 28240051
001251 28240068
001252 28250009
001253 28250020
001254 28250050
001255 28260007
001256 28490008
001257 28490014
001258 28490023
001259 28490030
001260 28490037
001261 28490048
001262 28490059
001263 28490070
001264 28490088
001265 28500009
001266 28500015
001267 28500023
001268 28500030
001269 28500041
001270 28500052
001271 28500063
001272 28500079
001273 28510009
001274 28510014
001275 28510025
001276 28510036
001277 28510047
001278 28510058
001279 28510071
001280 28510089
001281 28520010
001282 28520019
001283 28520024
001284 28520031
001285 28520038
001286 28520045
001287 28520053
001288 28520073
001289 28530009
001290 28530016
001291 28530023
001292 28530030
001293 28530037
001294 28530044
001295 28530051
001296 28530071
001297 28540009
001298 28540016
001299 28540023
001300 28540030
001301 28540037
001302 28540044
001303 28540051
001304 28540067
001305 28550009
001306 28550016
001307 28550023
001308 28550028
001309 28550035
001310 28550042
001311 28550051
001312 28550071
001313 28560009
001314 28560016
001315 28560023
001316 28560030
001317 28560035
001318 28560042
001319 28560049
001320 28560069
001321 28570009
001322 28570016
001323 28570021
001324 28570028
001325 28570035
001326 28570042
001327 28570049
001328 28570065
001329 28580032
001330 28590028
001331 28760008
001332 28760010
001333 28760021
001334 28760033
001335 28760044
001336 28760055
001337 28760066
001338 28760077
001339 28760091
001340 28770009
001341 28770016
001342 28770029
001343 28770040
001344 28770051
001345 28770060
001346 28770069
001347 28770085
001348 28780009
001349 28780016
001350 28780029
001351 28780038
001352 28780049
001353 28780060
001354 28780071
001355 28780087
001356 28790009
001357 28790016
001358 28790021
001359 28790030
001360 28790035
001361 28790042
001362 28790062
001363 28800009
001364 28800016
001365 28800023
001366 28800030
001367 28800037
001368 28800042
001369 28800047
001370 28800067
001371 28810009
001372 28810016
001373 28810023
001374 28810030
001375 28810050
001376 28820009
001377 28820014
001378 28820022
001379 28820029
001380 28820036
001381 28820043
001382 28820050
001383 28820066
001384 28830009
001385 28830016
001386 28830023
001387 28830030
001388 28830035
001389 28830042
001390 28830049
001391 28830067
001392 28840009
001393 28840016
001394 28840023
001395 28840028
001396 28840035
001397 28840042
001398 28840047
001399 28840067
001400 28850009
001401 28850016
001402 28850023
001403 28850029
001404 28850036
001405 28850043
001406 28850054
001407 28850070
001408 28860009
001409 28860016
001410 28860023
001411 28860030
001412 28860035
001413 28860042
001414 28860055
001415 28860069
001416 29060007
001417 29060009
001418 29060022
001419 29060033
001420 29060038
001421 29060050
001422 29060061
001423 29060083
001424 29070009
001425 29070022
001426 29070033
001427 29070044
001428 29070055
001429 29070066
001430 29070086
001431 29080030
001432 29090009
001433 29090014
001434 29090021
001435 29090028
001436 29090041
001437 29090052
001438 29090070
001439 29100009
001440 29100016
001441 29100021
001442 29100028
001443 29100035
001444 29100046
001445 29100051
001446 29100069
001447 29110009
001448 29110016
001449 29110023
001450 29110030
001451 29110036
001452 29110053
001453 29110067
001454 29120009
001455 29120016
001456 29120023
001457 29120030
001458 29120037
001459 29120048
001460 29120064
001461 29130009
001462 29130016
001463 29130021
001464 29130028
001465 29130035
001466 29130051
001467 29130067
001468 29140009
001469 29140014
001470 29140021
001471 29140026
001472 29140037
001473 29140052
001474 29140072
001475 29170007
001476 29170009
001477 29170016
001478 29170023
001479 29170029
001480 29170035
001481 29170048
001482 29170062
001483 29180009
001484 29180014
001485 29180021
001486 29180028
001487 29180042
001488 29180051
001489 29180067
001490 29190009
001491 29190016
001492 29190021
001493 29190028
001494 29190043
001495 29190050
001496 29190068
001497 29380007
001498 29380012
001499 29380019
001500 29380026
001501 29380038
001502 29380045
001503 29380067
001504 29390010
001505 29390015
001506 29390022
001507 29390033
001508 29390040
001509 29390047
001510 29390058
001511 29390076
001512 29400009
001513 29400016
001514 29400027
001515 29400038
001516 29400047
001517 29400053
001518 29400064
001519 29400080
001520 29410009
001521 29410020
001522 29410031
001523 29410042
001524 29410051
001525 29410062
001526 29410080
001527 29420009
001528 29420020
001529 29420029
001530 29420040
001531 29420051
001532 29420060
001533 29420082
001534 29430009
001535 29430018
001536 29430029
001537 29430040
001538 29430050
001539 29430062
001540 29430086
001541 29440009
001542 29440020
001543 29440033
001544 29440044
001545 29440054
001546 29440061
001547 29440081
001548 29450009
001549 29450014
001550 29450021
001551 29450032
001552 29450045
001553 29450065
001554 29460009
001555 29460016
001556 29460023
001557 29460036
001558 29460047
001559 29460058
001560 29460082
001561 29470009
001562 29470016
001563 29470023
001564 29470040
001565 29470047
001566 29470060
001567 29470080
001568 29980007
001569 29980011
001570 29980022
001571 29980043
001572 29980053
001573 29980060
001574 29980082
001575 29990009
001576 29990020
001577 29990031
001578 29990038
001579 29990049
001580 29990056
001581 29990065
001582 29990087
001583 30000009
001584 30000020
001585 30000031
001586 30000038
001587 30000045
001588 30000056
001589 30000069
001590 30000089
001591 30010009
001592 30010020
001593 30010031
001594 30010040
001595 30010047
001596 30010060
001597 30010071
001598 30010093
001599 30020009
001600 30020020
001601 30020032
001602 30020043
001603 30020054
001604 30020065
001605 30020076
001606 30020098
001607 30030010
001608 30030023
001609 30030030
001610 30030041
001611 30030052
001612 30030063
001613 30030070
001614 30030086
001615 30040009
001616 30040016
001617 30040023
001618 30040038
001619 30040045
001620 30040058
001621 30040069
001622 30040076
001623 30040092
001624 30280007
001625 30280009
001626 30280020
001627 30280027
001628 30280034
001629 30280039
001630 30280050
001631 30280061
001632 30280070
001633 30280081
001634 30280097
001635 30290007
001636 30290010
001637 30290019
001638 30290030
001639 30290037
001640 30290046
001641 30290057
001642 30290068
001643 30290077
001644 30300012
001645 30300019
001646 30300028
001647 30300039
001648 30300052
001649 30300063
001650 30300072
001651 30300090
001652 30310009
001653 30310020
001654 30310031
001655 30310038
001656 30310049
001657 30310058
001658 30310069
001659 30310076
001660 30310096
001661 30320009
001662 30320020
001663 30320029
001664 30320040
001665 30320047
001666 30320058
001667 30320067
001668 30320079
001669 30320099
001670 30330012
001671 30330026
001672 30330047
001673 30340018
001674 30350012
001675 30350022
001676 30350044
001677 30360009
001678 30360023
001679 30480007
001680 30540009
001681 30540018
001682 30540025
001683 30540032
001684 30540041
001685 30540052
001686 30540063
001687 30540070
001688 30540083
001689 30540097
001690 30550010
001691 30550017
001692 30550024
001693 30550032
001694 30550045
001695 30550054
001696 30550065
001697 30550074
001698 30550085
001699 30550101
001700 30560009
001701 30560020
001702 30560027
001703 30560040
001704 30560051
001705 30560060
001706 30560071
001707 30560082
001708 30560093
001709 30560109
001710 30570009
001711 30570020
001712 30570031
001713 30570036
001714 30570047
001715 30570058
001716 30570067
001717 30570083
001718 30580009
001719 30580016
001720 30580023
001721 30580042
001722 30590007
001723 30590009
001724 30590016
001725 30590021
001726 30590032
001727 30590043
001728 30590050
001729 30590062
001730 30590069
001731 30590074
001732 30590094
001733 30600010
001734 30600021
001735 30600032
001736 30600043
001737 30600054
001738 30600079
001739 30640009
001740 30640016
001741 30640024
001742 30640039
001743 30640046
001744 30640054
001745 30640061
001746 30640078
001747 30650009
001748 30650020
001749 30650031
001750 30650045
001751 30650065
001752 30660018
001753 30670018
001754 30680018
001755 30820007
001756 30820009
001757 30820016
001758 30820030
001759 30820041
001760 30820052
001761 30820061
001762 30820072
001763 30820079
001764 30820090
001765 30820108
001766 30830021
001767 30840018
001768 30850018
001769 30860021
001770 30870024
001771 30910018
001772 30920009
001773 30920020
001774 30920031
001775 30920042
001776 30920053
001777 30920064
001778 30920073
001779 30920093
001780 30930007
001781 30930012
001782 30930019
001783 30930030
001784 30930039
001785 30930050
001786 30930061
001787 30930070
001788 30930077
001789 30930082
001790 30930102
001791 30940011
001792 30940023
001793 30940034
001794 30940045
001795 30940056
001796 30940065
001797 30940076
001798 30940083
001799 30940105
001800 30950009
001801 30950020
001802 30950031
001803 30950044
001804 30950055
001805 30950066
001806 30950077
001807 30950084
001808 30950091
001809 30950109
001810 30960009
001811 30960020
001812 30960031
001813 30960042
001814 30960054
001815 30960075
001816 30970018
001817 30980009
001818 30980020
001819 30980033
001820 30980046
001821 30980057
001822 30980064
001823 30980071
001824 30980078
001825 30980086
001826 30980102
001827 31120007
001828 31120009
001829 31120020
001830 31120034
001831 31130017
001832 31130028
001833 31130039
001834 31130050
001835 31130059
001836 31130070
001837 31130079
001838 31130086
001839 31130106
001840 31140009
001841 31140018
001842 31140029
001843 31140041
001844 31140061
001845 31150009
001846 31150020
001847 31150031
001848 31150042
001849 31150053
001850 31150060
001851 31150073
001852 31150080
001853 31150085
001854 31150103
001855 31190009
001856 31190017
001857 31190024
001858 31190035
001859 31190046
001860 31190057
001861 31190062
001862 31190071
001863 31190091
001864 31200009
001865 31200020
001866 31200031
001867 31200042
001868 31200049
001869 31200060
001870 31200075
001871 31200086
001872 31200091
001873 31200109
001874 31210009
001875 31210016
001876 31210029
001877 31210038
001878 31210047
001879 31210059
001880 31210070
001881 31210082
001882 31210092
001883 31210106
001884 31220009
001885 31220020
001886 31220031
001887 31220046
001888 31220057
001889 31220074
001890 31220081
001891 31220092
001892 31220110
001893 31230007
001894 31230009
001895 31230022
001896 31230033
001897 31230044
001898 31230053
001899 31230064
001900 31230089
001901 31240018
001902 31250021
001903 31260009
001904 31260020
001905 31260031
001906 31260042
001907 31260059
001908 31260081
001909 31270010
001910 31270017
001911 31270028
001912 31270041
001913 31270054
001914 31270066
001915 31270077
001916 31270088
001917 31270112
001918 31440007
001919 31440009
001920 31440016
001921 31440025
001922 31440034
001923 31440041
001924 31440054
001925 31440067
001926 31440074
001927 31440081
001928 31450007
001929 31450014
001930 31450025
001931 31450038
001932 31450045
001933 31450060
001934 31450071
001935 31450078
001936 31450098
001937 31460009
001938 31460018
001939 31460029
001940 31460042
001941 31460050
001942 31460062
001943 31460075
001944 31460090
001945 31460109
001946 31470009
001947 31470020
001948 31470031
001949 31470043
001950 31470052
001951 31470063
001952 31470076
001953 31470083
001954 31470105
001955 31480009
001956 31480020
001957 31480031
001958 31480038
001959 31480050
001960 31480061
001961 31480068
001962 31480084
001963 31490009
001964 31490016
001965 31490031
001966 31490044
001967 31490057
001968 31490078
001969 31500009
001970 31500018
001971 31500031
001972 31500038
001973 31500047
001974 31500058
001975 31500063
001976 31500087
001977 31510009
001978 31510022
001979 31510029
001980 31510040
001981 31510047
001982 31510058
001983 31510067
001984 31510076
001985 31510094
001986 31520009
001987 31520019
001988 31520030
001989 31520041
001990 31520052
001991 31520061
001992 31520072
001993 31520079
001994 31520099
001995 32030007
001996 32030039
001997 32040009
001998 32040016
001999 32040023
002000 32040034
002001 32040039
002002 32040044
002003 32040051
002004 32040071
002005 32050009
002006 32050020
002007 32050027
002008 32050038
002009 32050045
002010 32050054
002011 32050061
002012 32050083
002013 32060009
002014 32060020
002015 32060032
002016 32060043
002017 32060054
002018 32060065
002019 32060076
002020 32060094
002021 32070009
002022 32070014
002023 32070027
002024 32070050
002025 32080018
002026 32090024
002027 32100009
002028 32100038
002029 32110010
002030 32110017
002031 32110024
002032 32110033
002033 32110050
002034 32110063
002035 32110083
002036 32120010
002037 32120017
002038 32120024
002039 32120035
002040 32120046
002041 32120057
002042 32120068
002043 32120077
002044 32120091
002045 32130009
002046 32130020
002047 32130026
002048 32130033
002049 32130040
002050 32130051
002051 32130067
002052 32320011
002053 32320013
002054 32320024
002055 32320033
002056 32320042
002057 32320053
002058 32320064
002059 32320073
002060 32320091
002061 32330009
002062 32330016
002063 32330028
002064 32330039
002065 32330050
002066 32330061
002067 32330070
002068 32330088
002069 32340009
002070 32340020
002071 32340029
002072 32340036
002073 32340047
002074 32340058
002075 32340069
002076 32340089
002077 32350009
002078 32350020
002079 32350027
002080 32350038
002081 32350049
002082 32350060
002083 32350071
002084 32350089
002085 32360009
002086 32360016
002087 32360023
002088 32360028
002089 32360035
002090 32360042
002091 32360049
002092 32360067
002093 32370009
002094 32370020
002095 32370029
002096 32370040
002097 32370059
002098 32370064
002099 32370084
002100 32380009
002101 32380020
002102 32380031
002103 32380042
002104 32380049
002105 32380054
002106 32380061
002107 32380079
002108 32390009
002109 32390018
002110 32390027
002111 32390036
002112 32390043
002113 32390050
002114 32390072
002115 32400009
002116 32400011
002117 32400018
002118 32400025
002119 32400036
002120 32400045
002121 32400050
002122 32400061
002123 32410024
002124 32410031
002125 32410042
002126 32410053
002127 32410065
002128 32410077
002129 32410088
002130 32410104
002131 32420009
002132 32420018
002133 32420029
002134 32420038
002135 32420049
002136 32420060
002137 32420078
002138 32430007
002139 32430009
002140 32430016
002141 32430028
002142 32430033
002143 32430044
002144 32430051
002145 32430063
002146 32430079
002147 32610007
002148 32610009
002149 32610018
002150 32610027
002151 32610034
002152 32610041
002153 32610052
002154 32610070
002155 32620009
002156 32620021
002157 32620032
002158 32620039
002159 32620050
002160 32620063
002161 32620083
002162 32630009
002163 32630023
002164 32630034
002165 32630045
002166 32630053
002167 32630064
002168 32630084
002169 32640009
002170 32640021
002171 32640031
002172 32640040
002173 32640049
002174 32640060
002175 32640078
002176 32650010
002177 32650017
002178 32650028
002179 32650039
002180 32650044
002181 32650053
002182 32650077
002183 32660009
002184 32660018
002185 32660029
002186 32660040
002187 32660047
002188 32660054
002189 32660072
002190 32670009
002191 32670018
002192 32670027
002193 32670036
002194 32670045
002195 32670056
002196 32670076
002197 32680009
002198 32680020
002199 32680031
002200 32680042
002201 32680053
002202 32680064
002203 32680084
002204 32690009
002205 32690020
002206 32690033
002207 32690045
002208 32690061
002209 32690072
002210 32690088
002211 32700009
002212 32700020
002213 32700032
002214 32700043
002215 32700054
002216 32700065
002217 32700083
002218 32710009
002219 32710014
002220 32710021
002221 32710028
002222 32710033
002223 32710057
002224 32720007
002225 32720009
002226 32720020
002227 32720031
002228 32720042
002229 32720049
002230 32720060
002231 32720080
002232 32730013
002233 32730024
002234 32730035
002235 32730046
002236 32730057
002237 32730077
002238 32930007
002239 32930009
002240 32930020
002241 32930031
002242 32930042
002243 32930053
002244 32930069
002245 32940009
002246 32940019
002247 32940038
002248 32950012
002249 32950023
002250 32950034
002251 32950045
002252 32950056
002253 32950067
002254 32950087
002255 32960012
002256 32960023
002257 32960034
002258 32960048
002259 32960059
002260 32960081
002261 32970009
002262 32970016
002263 32970023
002264 32970034
002265 32970043
002266 32970056
002267 32970076
002268 32980009
002269 32980018
002270 32980025
002271 32980034
002272 32980044
002273 32980055
002274 32980075
002275 32990009
002276 32990018
002277 32990027
002278 32990038
002279 32990049
002280 32990058
002281 32990078
002282 33000011
002283 33000022
002284 33000033
002285 33000044
002286 33000055
002287 33000066
002288 33000086
002289 33010009
002290 33010018
002291 33010025
002292 33010036
002293 33010047
002294 33010058
002295 33010072
002296 33190007
002297 33190014
002298 33190034
002299 33200010
002300 33200017
002301 33200028
002302 33200036
002303 33200043
002304 33200063
002305 33210009
002306 33210024
002307 33210031
002308 33210038
002309 33210045
002310 33210065
002311 33220009
002312 33220018
002313 33220029
002314 33220040
002315 33220053
002316 33220066
002317 33220088
002318 33230009
002319 33230024
002320 33230035
002321 33230046
002322 33230055
002323 33230064
002324 33230084
002325 33240009
002326 33240020
002327 33240031
002328 33240042
002329 33240053
002330 33240064
002331 33240075
002332 33240095
002333 33250009
002334 33250016
002335 33250027
002336 33250038
002337 33250048
002338 33250059
002339 33250066
002340 33250086
002341 33260009
002342 33260016
002343 33260027
002344 33260038
002345 33260049
002346 33260058
002347 33260065
002348 33260083
002349 33270009
002350 33270018
002351 33270029
002352 33270038
002353 33270049
002354 33270058
002355 33270069
002356 33270089
002357 33280009
002358 33280016
002359 33280027
002360 33280038
002361 33280049
002362 33280062
002363 33280069
002364 33280087
002365 33290010
002366 33290019
002367 33290030
002368 33290039
002369 33290050
002370 33290059
002371 33290075
002372 33300007
002373 33300009
002374 33300018
002375 33300029
002376 33300040
002377 33300051
002378 33300062
002379 33300069
002380 33300087
002381 33310009
002382 33310016
002383 33310027
002384 33310036
002385 33310047
002386 33310056
002387 33310063
002388 33310081
002389 33320009
002390 33320016
002391 33320027
002392 33320038
002393 33320045
002394 33320054
002395 33320076
002396 33500008
002397 33500010
002398 33500021
002399 33500032
002400 33500040
002401 33500051
002402 33500062
002403 33500086
002404 33510009
002405 33510018
002406 33510029
002407 33510038
002408 33510049
002409 33510056
002410 33510078
002411 33520010
002412 33520023
002413 33520036
002414 33520045
002415 33520065
002416 33530009
002417 33530016
002418 33530027
002419 33530038
002420 33530049
002421 33530060
002422 33530071
002423 33530091
002424 33540009
002425 33540018
002426 33540027
002427 33540034
002428 33540045
002429 33540052
002430 33540063
002431 33540083
002432 33550009
002433 33550016
002434 33550027
002435 33550038
002436 33550047
002437 33550058
002438 33550063
002439 33550072
002440 33550090
002441 33560012
002442 33560019
002443 33560032
002444 33560043
002445 33560054
002446 33560061
002447 33560066
002448 33560075
002449 33560091
002450 33570010
002451 33570019
002452 33570028
002453 33570037
002454 33570048
002455 33570059
002456 33570068
002457 33570088
002458 33580009
002459 33580020
002460 33580028
002461 33580037
002462 33580048
002463 33580059
002464 33580068
002465 33580088
002466 33590009
002467 33590020
002468 33590029
002469 33590037
002470 33590048
002471 33590057
002472 33590068
002473 33590079
002474 33590093
002475 33600009
002476 33600018
002477 33600023
002478 33600036
002479 33600041
002480 33600052
002481 33600069
002482 33610007
002483 33610009
002484 33610018
002485 33610027
002486 33610039
002487 33610050
002488 33610061
002489 33610070
002490 33610090
002491 35800039
002492 35800041
002493 35810007
002494 35810011
002495 35810015
002496 35810022
002497 35810040
002498 35820012
002499 35820022
002500 35820031
002501 35820049
002502 35830009
002503 35830018
002504 35830025
002505 35830035
002506 35830053
002507 35840012
002508 35840023
002509 35840029
002510 35840038
002511 35840060
002512 35850009
002513 35850018
002514 35850025
002515 35850033
002516 35850051
002517 35860009
002518 35860018
002519 35860025
002520 35860032
002521 35860050
002522 35870016
002523 35870023
002524 35870032
002525 35870041
002526 35870057
002527 35880009
002528 35880016
002529 35880024
002530 35880031
002531 35880049
002532 35890009
002533 35890016
002534 35890024
002535 35890033
002536 35890042
002537 35890053
002538 35890069
002539 35900012
002540 35900023
002541 35900030
002542 35900039
002543 35900051
002544 35900062
002545 35900082
002546 35910009
002547 35910018
002548 35910027
002549 35910043
002550 35920007
002551 35920009
002552 35920016
002553 35920023
002554 35920032
002555 35920039
002556 35920046
002557 35920066
002558 35930009
002559 35930016
002560 35930023
002561 35930032
002562 35930039
002563 35930046
002564 35930064
002565 35940009
002566 35940016
002567 35940023
002568 35940032
002569 35940039
002570 35940046
002571 35940066
002572 35950009
002573 35950016
002574 35950023
002575 35950030
002576 35950037
002577 35950046
002578 35950062
002579 35960009
002580 35960016
002581 35960023
002582 35960030
002583 35960037
002584 35960046
002585 35960062
002586 35970009
002587 35970016
002588 35970044
002589 35980028
002590 35980037
002591 35980044
002592 35980055
002593 35980062
002594 35980069
002595 35980087
002596 35990009
002597 35990035
002598 36000009
002599 36000016
002600 36000023
002601 36000034
002602 36000041
002603 36000048
002604 36000069
002605 36010014
002606 36010027
002607 36010041
002608 36010048
002609 36010056
002610 36010063
002611 36010079
002612 36020012
002613 36020019
002614 36020026
002615 36020033
002616 36020040
002617 36020047
002618 36020063
002619 36030007
002620 36030009
002621 36030016
002622 36030024
002623 36030031
002624 36030038
002625 36030045
002626 36030061
002627 36040009
002628 36040016
002629 36040023
002630 36040030
002631 36040041
002632 36040046
002633 36040062
002634 36050020
002635 36050031
002636 36050038
002637 36050048
002638 36050066
002639 36060009
002640 36060020
002641 36060031
002642 36060040
002643 36060048
002644 36060066
002645 36070019
002646 36070030
002647 36070041
002648 36070053
002649 36070060
002650 36070076
002651 36080009
002652 36080020
002653 36080027
002654 36080037
002655 36080042
002656 36080058
002657 36090009
002658 36090020
002659 36090031
002660 36090038
002661 36090045
002662 36090052
002663 36090068
002664 36100009
002665 36100016
002666 36100027
002667 36100035
002668 36100042
002669 36100049
002670 36100065
002671 36110009
002672 36110016
002673 36110021
002674 36110037
002675 36120009
002676 36120016
002677 36120023
002678 36120028
002679 36120035
002680 36120043
002681 36120057
002682 36130009
002683 36130020
002684 36130027
002685 36130032
002686 36130041
002687 36130048
002688 36130064
002689 36140007
002690 36140009
002691 36140016
002692 36140023
002693 36140030
002694 36140037
002695 36140044
002696 36140060
002697 36150010
002698 36150017
002699 36150024
002700 36150031
002701 36150038
002702 36150045
002703 36150063
002704 36160010
002705 36160021
002706 36160032
002707 36160039
002708 36160046
002709 36160053
002710 36160069
002711 36170009
002712 36170016
002713 36170027
002714 36170035
002715 36170042
002716 36170060
002717 36180009
002718 36180017
002719 36180028
002720 36180039
002721 36180050
002722 36180061
002723 36180077
002724 36190009
002725 36190016
002726 36190023
002727 36190031
002728 36190038
002729 36190045
002730 36190061
002731 36200009
002732 36200016
002733 36200023
002734 36200030
002735 36200040
002736 36200047
002737 36200062
002738 36210010
002739 36210018
002740 36210025
002741 36210032
002742 36210039
002743 36210046
002744 36210062
002745 36220009
002746 36220016
002747 36220033
002748 36220040
002749 36220056
002750 36230012
002751 36230020
002752 36230027
002753 36230034
002754 36230041
002755 36230048
002756 36230064
002757 36240010
002758 36240017
002759 36240024
002760 36240031
002761 36240039
002762 36240046
002763 36240062
002764 36250007
002765 36250009
002766 36250016
002767 36250029
002768 36250040
002769 36250047
002770 36250054
002771 36250068
002772 36260009
002773 36260016
002774 36260023
002775 36260030
002776 36260037
002777 36260044
002778 36260060
002779 36270009
002780 36270020
002781 36270027
002782 36270046
002783 36280012
002784 36280019
002785 36280026
002786 36280033
002787 36280040
002788 36280056
002789 36290009
002790 36290020
002791 36290027
002792 36290034
002793 36290041
002794 36290048
002795 36290064
002796 36300009
002797 36300016
002798 36300023
002799 36300030
002800 36300037
002801 36300044
002802 36300061
002803 36310009
002804 36310016
002805 36310033
002806 36320013
002807 36320024
002808 36320035
002809 36320047
002810 36320058
002811 36320074
002812 36330009
002813 36330016
002814 36330023
002815 36330031
002816 36330038
002817 36330045
002818 36330061
002819 36340009
002820 36340020
002821 36340027
002822 36340034
002823 36340041
002824 36340048
002825 36340064
002826 36350009
002827 36350020
002828 36350027
002829 36350035
002830 36350042
002831 36350049
002832 36350065
002833 36360007
002834 36360009
002835 36360016
002836 36360023
002837 36360030
002838 36360037
002839 36360044
002840 36360060
002841 36370009
002842 36370020
002843 36370028
002844 36370035
002845 36370040
002846 36370047
002847 36370067
002848 36380009
002849 36380020
002850 36380031
002851 36380038
002852 36380045
002853 36380052
002854 36380068
002855 36390009
002856 36390020
002857 36390031
002858 36390042
002859 36390049
002860 36390056
002861 36390076
002862 36400009
002863 36400016
002864 36400027
002865 36400034
002866 36400041
002867 36400048
002868 36400068
002869 36410009
002870 36410020
002871 36410029
002872 36410036
002873 36410045
002874 36410064
002875 36420009
002876 36420022
002877 36420029
002878 36420036
002879 36420043
002880 36420062
002881 36430010
002882 36430017
002883 36430024
002884 36430031
002885 36430038
002886 36430043
002887 36430061
002888 36440009
002889 36440020
002890 36440027
002891 36440034
002892 36440041
002893 36440050
002894 36440068
002895 36450009
002896 36450020
002897 36450027
002898 36450034
002899 36450041
002900 36450050
002901 36450066
002902 36480007
002903 36480009
002904 36480016
002905 36480023
002906 36480030
002907 36480035
002908 36480044
002909 36480062
002910 36490009
002911 36490021
002912 36490028
002913 36490035
002914 36490042
002915 36490051
002916 36490069
002917 36500009
002918 36500021
002919 36500028
002920 36500033
002921 36500040
002922 36500049
002923 36500065
002924 36510009
002925 36510016
002926 36510023
002927 36510030
002928 36510037
002929 36510046
002930 36510062
002931 36520009
002932 36520020
002933 36520027
002934 36520034
002935 36520041
002936 36520050
002937 36520064
002938 36550009
002939 36550020
002940 36550025
002941 36550032
002942 36550039
002943 36550048
002944 36550070
002945 36560009
002946 36560020
002947 36560027
002948 36560032
002949 36560039
002950 36560048
002951 36560068
002952 36570009
002953 36570024
002954 36570031
002955 36570038
002956 36570048
002957 36570070
002958 36580009
002959 36580022
002960 36580029
002961 36580036
002962 36580045
002963 36580067
002964 36590007
002965 36590009
002966 36590020
002967 36590027
002968 36590034
002969 36590043
002970 36590063
002971 36600009
002972 36600020
002973 36600027
002974 36600034
002975 36600043
002976 36600063
002977 36610009
002978 36610020
002979 36610027
002980 36610036
002981 36610045
002982 36610061
002983 36620009
002984 36620018
002985 36620025
002986 36620034
002987 36620055
002988 36630012
002989 36630021
002990 36630026
002991 36630033
002992 36630040
002993 36630051
002994 36630071
002995 36640009
002996 36640020
002997 36640027
002998 36640032
002999 36640039
003000 36640048
003001 36640067
003002 36650009
003003 36650020
003004 36650027
003005 36650034
003006 36650043
003007 36650052
003008 36650072
003009 36660009
003010 36660020
003011 36660027
003012 36660038
003013 36660045
003014 36660056
003015 36660076
003016 36670010
003017 36670017
003018 36670024
003019 36670033
003020 36670040
003021 36670047
003022 36670067
003023 36680009
003024 36680016
003025 36680023
003026 36680034
003027 36680045
003028 36680052
003029 36680072
003030 36690009
003031 36690020
003032 36690027
003033 36690034
003034 36690041
003035 36690052
003036 36690068
003037 36700007
003038 36700009
003039 36700022
003040 36700029
003041 36700040
003042 36700047
003043 36700054
003044 36700072
003045 36710012
003046 36710019
003047 36710026
003048 36710037
003049 36710048
003050 36710065
003051 36720009
003052 36720014
003053 36720025
003054 36720034
003055 36720041
003056 36720050
003057 36720070
003058 36730009
003059 36730014
003060 36730021
003061 36730030
003062 36730041
003063 36730048
003064 36730070
